181 425 963 0
297 234 1586 1
344 172 1143 2
360 155 1038 3
377 146 965 4
376 105 949 5
376 105 949 6
369 82 1064 7
364 64 1193 8
336 39 1598 9
306 53 2093 10
288 71 2333 11
263 104 2664 12
117 352 2606 13
48 432 346 14
158 403 1875 15
201 359 1554 16
259 306 1054 17
259 306 1055 18
281 295 1018 19
257 242 1024 20
200 192 1401 21
174 187 1532 22
106 191 2005 23
106 191 2015 24
63 207 2392 25
220 412 2243 26
399 186 1424 27
425 163 1324 28
469 141 1067 29
469 141 1068 30
487 141 1198 31
495 79 1281 32
501 60 1564 33
505 60 1797 34
505 60 1798 35
513 81 2302 36
520 154 3442 37
535 330 7594 38
17 303 1110 39
56 258 1126 40
56 258 1145 41
130 201 844 42
160 186 876 43
120 103 963 44
80 60 1149 45
55 44 1268 46
55 44 1268 47
8 29 475 48
177 381 3148 49
301 176 1766 50
326 143 1542 51
364 111 1213 52
378 106 1071 53
397 104 834 54
375 58 1144 55
375 58 1145 56
356 50 1384 57
343 55 1514 58
343 55 1514 59
312 91 1806 60
291 123 2043 61
264 172 2507 62
264 172 2560 63
214 330 2704 64
296 223 1784 65
369 164 1090 66
368 164 1103 67
384 160 981 68
384 160 979 69
356 62 1454 70
344 53 1630 71
331 48 1845 72
330 48 1848 73
294 61 2517 74
232 121 3517 75
232 121 3531 76
166 416 2327 77
233 323 3356 78
326 187 1893 79
326 187 1893 80
359 151 1495 81
384 126 1365 82
384 126 1358 83
438 73 965 84
437 18 1090 85
433 7 411 86
433 7 414 87
341 68 5373 88
341 68 5356 89
234 363 14322 90
107 373 2917 91
107 373 2917 92
302 190 1139 93
328 177 991 94
350 163 940 95
335 96 989 96
335 96 987 97
329 68 1124 98
320 42 1267 99
178 9 622 100
45 71 6932 101
44 71 6926 102
116 283 2713 103
116 282 2701 104
258 156 1136 105
276 152 961 106
285 132 794 107
285 132 795 108
253 82 959 109
232 60 1086 110
208 44 1299 111
150 23 1598 112
110 22 1730 113
7 396 692 114
144 240 2214 115
267 162 1306 116
293 155 1112 117
329 156 971 118
329 156 976 119
320 131 910 120
297 93 1150 121
247 69 1639 122
223 72 1880 123
222 72 1882 124
155 106 2606 125
155 106 2614 126
42 207 3822 127
136 283 2299 128
194 232 1826 129
269 170 1259 130
297 156 1072 131
296 155 1086 132
336 144 937 133
327 116 872 134
327 116 872 135
276 34 1405 136
258 24 1582 137
234 21 1672 138
234 21 1674 139
174 29 2454 140
130 51 2837 141
73 88 3422 142
187 137 1589 143
228 74 1224 144
228 74 1224 145
242 59 1067 146
242 58 1070 147
263 45 948 148
77 27 3712 149
30 131 3896 150
12 208 480 151
12 208 494 152
81 359 3381 153
137 279 2405 154
208 189 1355 155
208 189 1357 156
233 164 1167 157
266 99 926 158
266 63 979 159
263 11 598 160
13 407 1100 161
152 199 1290 162
172 183 1123 163
189 174 976 164
189 174 979 165
183 124 991 166
149 56 1441 167
111 30 1890 168
53 29 2642 169
53 29 2642 170
23 42 2342 171
91 250 1520 172
137 212 1104 173
138 167 996 174
138 167 1008 175
109 111 1256 176
37 52 1954 177
185 395 4235 178
185 395 4234 179
185 395 4268 180
292 256 2274 181
377 185 1163 182
394 179 1014 183
424 146 991 184
440 122 1058 185
457 103 1230 186
496 74 1741 187
548 66 2426 188
606 92 2593 189